loss: 0.024427155032753944
dice_coefficient: 0.786604642868042
balanced_accuracy_score: 0.8573757410049438
recall_0: 0.9982772469520569
precision_0: 0.9953710436820984
recall_1: 0.7164742350578308
precision_1: 0.8719537854194641
