loss: 0.01950778439640999
dice_coefficient: 0.8244978785514832
balanced_accuracy_score: 0.8751633167266846
recall_0: 0.9988305568695068
precision_0: 0.9959427714347839
recall_1: 0.7514960169792175
precision_1: 0.9132087826728821
