loss: 0.027150660753250122
dice_coefficient: 0.7348506450653076
balanced_accuracy_score: 0.8200688362121582
recall_0: 0.9982799291610718
precision_0: 0.994159996509552
recall_1: 0.6418578028678894
precision_1: 0.8593546152114868
