loss: 0.011012174189090729
dice_coefficient: 0.9312584400177002
balanced_accuracy_score: 0.9476521611213684
recall_0: 0.998552143573761
precision_0: 0.998245120048523
recall_1: 0.8811609745025635
precision_1: 0.9726186990737915
recall_2: 0.8865823149681091
precision_2: 0.881909191608429
recall_3: 0.9148002862930298
precision_3: 0.9188783168792725
