loss: 0.011872980743646622
dice_coefficient: 0.9290526509284973
balanced_accuracy_score: 0.9390267133712769
recall_0: 0.9988900423049927
precision_0: 0.9978613257408142
recall_1: 0.9122179746627808
precision_1: 0.9453185796737671
recall_2: 0.8665785193443298
precision_2: 0.9266210794448853
recall_3: 0.8584477305412292
precision_3: 0.9317240118980408
