loss: 0.018887503072619438
dice_coefficient: 0.8860703706741333
balanced_accuracy_score: 0.899193286895752
recall_0: 0.9983749389648438
precision_0: 0.9961028695106506
recall_1: 0.916973352432251
precision_1: 0.9382209181785583
recall_2: 0.6622787714004517
precision_2: 0.845119297504425
recall_3: 0.8550334572792053
precision_3: 0.9009253978729248
