loss: 0.00808792095631361
dice_coefficient: 0.928661048412323
balanced_accuracy_score: 0.9598593711853027
recall_0: 0.9989184141159058
precision_0: 0.9986248016357422
recall_1: 0.9208003878593445
precision_1: 0.9366570711135864
