loss: 0.01072038896381855
dice_coefficient: 0.9168722033500671
balanced_accuracy_score: 0.9468914270401001
recall_0: 0.9990096092224121
precision_0: 0.9981738328933716
recall_1: 0.8947731852531433
precision_1: 0.9400904178619385
