loss: 0.035822104662656784
dice_coefficient: 0.7677223682403564
balanced_accuracy_score: 0.7912510633468628
recall_0: 0.9977595806121826
precision_0: 0.9929975867271423
recall_1: 0.6798633933067322
precision_1: 0.9100754261016846
recall_2: 0.5025832653045654
precision_2: 0.7330887913703918
recall_3: 0.5727302432060242
precision_3: 0.8892866373062134
