loss: 0.025937117636203766
dice_coefficient: 0.735925555229187
balanced_accuracy_score: 0.8383716344833374
recall_0: 0.9972636103630066
precision_0: 0.9947649240493774
recall_1: 0.6794796586036682
precision_1: 0.8025992512702942
